-12.5664 -12.5664
-12.4664 -12.1669
-12.3664 -11.7704
-12.2664 -11.3798
-12.1664 -10.9981
-12.0664 -10.6281
-11.9664 -10.2724
-11.8664 -9.93372
-11.7664 -9.6143
-11.6664 -9.31639
-11.5664 -9.04196
-11.4664 -8.79275
-11.3664 -8.57025
-11.2664 -8.3757
-11.1664 -8.21002
-11.0664 -8.07389
-10.9664 -7.96765
-10.8664 -7.89138
-10.7664 -7.84483
-10.6664 -7.82747
-10.5664 -7.83848
-10.4664 -7.87674
-10.3664 -7.94088
-10.2664 -8.02925
-10.1664 -8.13998
-10.0664 -8.27095
-9.96637 -8.41987
-9.86637 -8.58423
-9.76637 -8.76141
-9.66637 -8.94862
-9.56637 -9.14301
-9.46637 -9.34163
-9.36637 -9.54149
-9.26637 -9.73961
-9.16637 -9.93299
-9.06637 -10.1187
-8.96637 -10.2939
-8.86637 -10.4559
-8.76637 -10.6019
-8.66637 -10.7297
-8.56637 -10.8368
-8.46637 -10.9212
-8.36637 -10.9811
-8.26637 -11.0149
-8.16637 -11.0212
-8.06637 -10.999
-7.96637 -10.9474
-7.86637 -10.8661
-7.76637 -10.7549
-7.66637 -10.6137
-7.56637 -10.4431
-7.46637 -10.2438
-7.36637 -10.0167
-7.26637 -9.76317
-7.16637 -9.48466
-7.06637 -9.18299
-6.96637 -8.86017
-6.86637 -8.51843
-6.76637 -8.16018
-6.66637 -7.788
-6.56637 -7.40462
-6.46637 -7.01286
-6.36637 -6.61564
-6.26637 -6.21593
-6.16637 -5.81672
-6.06637 -5.42101
-5.96637 -5.03175
-5.86637 -4.65182
-5.76637 -4.28403
-5.66637 -3.93105
-5.56637 -3.59541
-5.46637 -3.27946
-5.36637 -2.98537
-5.26637 -2.71506
-5.16637 -2.47025
-5.06637 -2.25237
-4.96637 -2.06261
-4.86637 -1.90187
-4.76637 -1.77074
-4.66637 -1.66955
-4.56637 -1.5983
-4.46637 -1.5567
-4.36637 -1.54418
-4.26637 -1.55986
-4.16637 -1.60257
-4.06637 -1.67091
-3.96637 -1.76318
-3.86637 -1.87746
-3.76637 -2.01162
-3.66637 -2.16331
-3.56637 -2.33002
-3.46637 -2.50908
-3.36637 -2.6977
-3.26637 -2.89301
-3.16637 -3.09204
-3.06637 -3.29182
-2.96637 -3.48935
-2.86637 -3.68165
-2.76637 -3.86581
-2.66637 -4.03898
-2.56637 -4.19843
-2.46637 -4.34158
-2.36637 -4.46599
-2.26637 -4.56943
-2.16637 -4.64985
-2.06637 -4.70546
-1.96637 -4.7347
-1.86637 -4.73628
-1.76637 -4.70918
-1.66637 -4.65268
-1.56637 -4.56634
-1.46637 -4.45003
-1.36637 -4.3039
-1.26637 -4.12843
-1.16637 -3.92436
-1.06637 -3.69273
-0.966371 -3.43486
-0.866371 -3.15232
-0.766371 -2.84695
-0.666371 -2.52078
-0.566371 -2.17609
-0.466371 -1.81531
-0.366371 -1.44106
-0.266371 -1.05607
-0.166371 -0.663183
-0.0663706 -0.265336
0.0336294 0.134499
0.133629 0.533326
0.233629 0.928159
0.333629 1.31605
0.433629 1.69413
0.533629 2.05961
0.633629 2.40985
0.733629 2.74234
0.833629 3.05476
0.933629 3.34498
1.03363 3.61111
1.13363 3.85149
1.23363 4.06472
1.33363 4.24965
1.43363 4.40545
1.53363 4.53156
1.63363 4.62771
1.73363 4.69395
1.83363 4.7306
1.93363 4.73831
2.03363 4.718
2.13363 4.67087
2.23363 4.59839
2.33363 4.50227
2.43363 4.38449
2.53363 4.24722
2.63363 4.09283
2.73363 3.92385
2.83363 3.74298
2.93363 3.55303
3.03363 3.35689
3.13363 3.15752
3.23363 2.95791
3.33363 2.76105
3.43363 2.56992
3.53363 2.38742
3.63363 2.21636
3.73363 2.05947
3.83363 1.91931
3.93363 1.79827
4.03363 1.69857
4.13363 1.6222
4.23363 1.57093
4.33363 1.54626
4.43363 1.54944
4.53363 1.58143
4.63363 1.64293
4.73363 1.73431
4.83363 1.85565
4.93363 2.00675
5.03363 2.1871
5.13363 2.39588
5.23363 2.63202
5.33363 2.89416
5.43363 3.18067
5.53363 3.48969
5.63363 3.81913
5.73363 4.1667
5.83363 4.52993
5.93363 4.90619
6.03363 5.29271
6.13363 5.68663
6.23363 6.08502
6.33363 6.4849
6.43363 6.88326
6.53363 7.27713
6.63363 7.66357
6.73363 8.03973
6.83363 8.40283
6.93363 8.75025
7.03363 9.07952
7.13363 9.38835
7.23363 9.67465
7.33363 9.93656
7.43363 10.1725
7.53363 10.381
7.63363 10.5611
7.73363 10.7119
7.83363 10.833
7.93363 10.9241
8.03363 10.9853
8.13363 11.0171
8.23363 11.02
8.33363 10.9951
8.43363 10.9436
8.53363 10.867
8.63363 10.7671
8.73363 10.6459
8.83363 10.5056
8.93363 10.3485
9.03363 10.1774
9.13363 9.99479
9.23363 9.80359
9.33363 9.6067
9.43363 9.40708
9.53363 9.20772
9.63363 9.01162
9.73363 8.82174
9.83363 8.64096
9.93363 8.47211
10.0336 8.31785
10.1336 8.18074
10.2336 8.06315
10.3336 7.96723
10.4336 7.89497
10.5336 7.84807
10.6336 7.828
10.7336 7.83596
10.8336 7.87288
10.9336 7.93938
11.0336 8.0358
11.1336 8.16217
11.2336 8.31823
11.3336 8.50342
11.4336 8.71689
11.5336 8.95751
11.6336 9.22386
11.7336 9.51429
11.8336 9.8269
11.9336 10.1596
12.0336 10.5099
12.1336 10.8755
12.2336 11.2537
12.3336 11.6417
12.4336 12.0366
12.5336 12.4354
