0 0
0.1 0.100335
0.2 0.20271
0.3 0.309336
0.4 0.422793
0.5 0.546302
0.6 0.684137
0.7 0.842288
0.8 1.02964
0.9 1.26016
1 1.55741
1.1 1.96476
1.2 2.57215
1.3 3.6021
1.4 5.79788
1.5 14.1014
1.6 -34.2325
1.7 -7.6966
1.8 -4.28626
1.9 -2.9271
2 -2.18504
2.1 -1.70985
2.2 -1.37382
2.3 -1.11921
2.4 -0.916014
2.5 -0.747022
2.6 -0.601597
2.7 -0.472728
2.8 -0.35553
2.9 -0.246405
3 -0.142547
3.1 -0.0416167
3.2 0.0584739
3.3 0.159746
3.4 0.264317
3.5 0.374586
3.6 0.493467
3.7 0.624733
3.8 0.773556
3.9 0.947425
4 1.15782
4.1 1.42353
4.2 1.77778
4.3 2.28585
4.4 3.09632
4.5 4.63733
4.6 8.86017
4.7 80.7128
4.8 -11.3849
4.9 -5.26749
5 -3.38052
5.1 -2.44939
5.2 -1.88564
5.3 -1.50127
5.4 -1.21754
5.5 -0.995584
5.6 -0.813943
5.7 -0.659731
5.8 -0.524666
5.9 -0.403111
6 -0.291006
6.1 -0.185262
6.2 -0.0833777
