-12.5664 -7.79634e-17
-12.4664 -0.0159364
-12.3664 -0.0314901
-12.2664 -0.0460317
-12.1664 -0.0589622
-12.0664 -0.0697369
-11.9664 -0.0778882
-11.8664 -0.0830456
-11.7664 -0.0849517
-11.6664 -0.0834748
-11.5664 -0.0786156
-11.4664 -0.0705102
-11.3664 -0.0594265
-11.2664 -0.0457558
-11.1664 -0.0299997
-11.0664 -0.0127521
-10.9664 0.00532301
-10.8664 0.0235167
-10.7664 0.0411021
-10.6664 0.0573633
-10.5664 0.0716237
-10.4664 0.0832739
-10.3664 0.091797
-10.2664 0.0967909
-10.1664 0.0979863
-10.0664 0.0952602
-9.96637 0.0886436
-9.86637 0.0783231
-9.76637 0.0646368
-9.66637 0.0480638
-9.56637 0.0292081
-9.46637 0.00877732
-9.36637 -0.0124434
-9.26637 -0.0336206
-9.16637 -0.053905
-9.06637 -0.0724641
-8.96637 -0.0885161
-8.86637 -0.101361
-8.76637 -0.110413
-8.66637 -0.11522
-8.56637 -0.115493
-8.46637 -0.111114
-8.36637 -0.102147
-8.26637 -0.0888415
-8.16637 -0.0716251
-8.06637 -0.0510909
-7.96637 -0.0279789
-7.86637 -0.00314954
-7.76637 0.0224464
-7.66637 0.0478035
-7.56637 0.0718999
-7.46637 0.0937369
-7.36637 0.112379
-7.26637 0.126993
-7.16637 0.13688
-7.06637 0.141514
-6.96637 0.140558
-6.86637 0.133889
-6.76637 0.121606
-6.66637 0.104033
-6.56637 0.0817153
-6.46637 0.0553988
-6.36637 0.0260123
-6.26637 -0.00536563
-6.16637 -0.0375439
-6.06637 -0.0692617
-5.96637 -0.0992351
-5.86637 -0.126207
-5.76637 -0.148995
-5.66637 -0.166543
-5.56637 -0.177963
-5.46637 -0.182576
-5.36637 -0.179946
-5.26637 -0.169907
-5.16637 -0.152574
-5.06637 -0.128354
-4.96637 -0.0979385
-4.86637 -0.0622884
-4.76637 -0.0226071
-4.66637 0.0196956
-4.56637 0.0630486
-4.46637 0.105773
-4.36637 0.146141
-4.26637 0.182439
-4.16637 0.213031
-4.06637 0.236426
-3.96637 0.251338
-3.86637 0.256742
-3.76637 0.251925
-3.66637 0.236529
-3.56637 0.210575
-3.46637 0.174486
-3.36637 0.12909
-3.26637 0.075611
-3.16637 0.0156443
-3.06637 -0.0488777
-2.96637 -0.115736
-2.86637 -0.182484
-2.76637 -0.246519
-2.66637 -0.305162
-2.56637 -0.355734
-2.46637 -0.39565
-2.36637 -0.422501
-2.26637 -0.434133
-2.16637 -0.428733
-2.06637 -0.404891
-1.96637 -0.361662
-1.86637 -0.298609
-1.76637 -0.215838
-1.66637 -0.114012
-1.56637 0.00565084
-1.46637 0.141394
-1.36637 0.290957
-1.26637 0.451626
-1.16637 0.620296
-1.06637 0.793552
-0.966371 0.967755
-0.866371 1.13914
-0.766371 1.30391
-0.666371 1.45835
-0.566371 1.59891
-0.466371 1.72235
-0.366371 1.82577
-0.266371 1.90673
-0.166371 1.9633
-0.0663706 1.99413
0.0336294 1.99849
0.133629 1.97628
0.233629 1.92801
0.333629 1.85486
0.433629 1.75855
0.533629 1.64137
0.633629 1.50606
0.733629 1.35579
0.833629 1.194
0.933629 1.02436
1.03363 0.850666
1.13363 0.676691
1.23363 0.50613
1.33363 0.342483
1.43363 0.188965
1.53363 0.0484246
1.63363 -0.0767222
1.73363 -0.184549
1.83363 -0.273659
1.93363 -0.343206
2.03363 -0.392904
2.13363 -0.423014
2.23363 -0.434318
2.33363 -0.428081
2.43363 -0.405991
2.53363 -0.370098
2.63363 -0.322737
2.73363 -0.266445
2.83363 -0.203878
2.93363 -0.137726
3.03363 -0.0706258
3.13363 -0.00508224
3.23363 0.0566038
3.33363 0.1124
3.43363 0.160596
3.53363 0.199843
3.63363 0.229181
3.73363 0.248056
3.83363 0.256315
3.93363 0.254196
4.03363 0.242299
4.13363 0.221551
4.23363 0.19316
4.33363 0.158556
4.43363 0.119334
4.53363 0.0771901
4.63363 0.0338544
4.73363 -0.00897156
4.83363 -0.0496752
4.93363 -0.0867886
5.03363 -0.119036
5.13363 -0.145374
5.23363 -0.165021
5.33363 -0.177475
5.43363 -0.182526
5.53363 -0.180249
5.63363 -0.170995
5.73363 -0.155365
5.83363 -0.134183
5.93363 -0.108456
6.03363 -0.0793297
6.13363 -0.048042
6.23363 -0.0158735
6.33363 0.015902
6.43363 0.0460655
6.53363 0.0734974
6.63363 0.0972163
6.73363 0.116413
6.83363 0.130474
6.93363 0.139003
7.03363 0.141827
7.13363 0.138997
7.23363 0.13078
7.33363 0.117644
7.43363 0.100235
7.53363 0.0793456
7.63363 0.0558813
7.73363 0.0308247
7.83363 0.00519469
7.93363 -0.0199937
8.03363 -0.0437679
8.13363 -0.065234
8.23363 -0.0836096
8.33363 -0.098251
8.43363 -0.108675
8.53363 -0.114572
8.63363 -0.115818
8.73363 -0.112472
8.83363 -0.104768
8.93363 -0.093106
9.03363 -0.0780318
9.13363 -0.0602109
9.23363 -0.0404015
9.33363 -0.0194232
9.43363 0.00187647
9.53363 0.0226553
9.63363 0.0421089
9.73363 0.0595013
9.83363 0.074192
9.93363 0.0856589
10.0336 0.0935163
10.1336 0.0975272
10.2336 0.0976096
10.3336 0.0938366
10.4336 0.0864309
10.5336 0.0757528
10.6336 0.0622839
10.7336 0.046606
10.8336 0.0293767
10.9336 0.0113021
11.0336 -0.00689136
11.1336 -0.0244857
11.2336 -0.0407994
11.3336 -0.055213
11.4336 -0.0671925
11.5336 -0.0763088
11.6336 -0.0822523
11.7336 -0.0848434
11.8336 -0.0840367
11.9336 -0.0799214
12.0336 -0.0727148
12.1336 -0.0627519
12.2336 -0.0504706
12.3336 -0.0363927
12.4336 -0.021102
12.5336 -0.00522081
