0 0
0.1 0.198669
0.2 0.389418
0.3 0.564642
0.4 0.717356
0.5 0.841471
0.6 0.932039
0.7 0.98545
0.8 0.999574
0.9 0.973848
1 0.909297
1.1 0.808496
1.2 0.675463
1.3 0.515501
1.4 0.334988
1.5 0.14112
1.6 -0.0583741
1.7 -0.255541
1.8 -0.44252
1.9 -0.611858
2 -0.756802
2.1 -0.871576
2.2 -0.951602
2.3 -0.993691
2.4 -0.996165
2.5 -0.958924
2.6 -0.883455
2.7 -0.772764
2.8 -0.631267
2.9 -0.464602
3 -0.279415
3.1 -0.0830894
3.2 0.116549
3.3 0.311541
3.4 0.494113
3.5 0.656987
3.6 0.793668
3.7 0.898708
3.8 0.96792
3.9 0.998543
4 0.989358
4.1 0.940731
4.2 0.854599
4.3 0.734397
4.4 0.584917
4.5 0.412118
4.6 0.22289
4.7 0.0247754
4.8 -0.174327
4.9 -0.366479
5 -0.544021
5.1 -0.699875
5.2 -0.827826
5.3 -0.922775
5.4 -0.980936
5.5 -0.99999
5.6 -0.979178
5.7 -0.919329
5.8 -0.822829
5.9 -0.693525
6 -0.536573
6.1 -0.358229
6.2 -0.165604
