73 1000
10 1
14 1000
3 1000
185 1
99 1000
138 1
114 1
79 1000
1 1000
29 1000
2 1000
200 1
4 1
148 1000
68 1000
4 1000
42 1000
2 1000
12 1000
15 1000
4 1000
1 1000
13 1000
132 1000
1 1000
16 1000
242 1000
116 1
5 1000
8 1000
2 1000
59 1000
5 1000
2 1000
8 1
2 1000
15 1000
2 1000
2 1
75 1000
137 1000
40 1000
24 1
4 1000
2 1000
7 1
22 1
29 1
3 1000
2 1
5 1000
78 1000
248 1
5 1000
1 1000
32 1000
4 1
17 1000
8 1000
36 1
462 1
25 1
1 1000
95 1000
98 1000
115 1000
19 1000
5 1000
1 1000
3 1000
8 1000
21 1
17 1
2 1
10 1000
