136
52
96
13
26
46
6
21
4
8
14
9
5
8
4
5
25
5
6
6
12
8
5
12
9
11
6
9
5
5
10
5
5
3
5
4
5
7
6
4
5
8
6
8
6
5
7
3
6
5
7
6
4
4
5
5
6
5
7
8
4
5
12
5
7
6
13
10
6
13
4
4
9
8
10
9
3
5
6
13
3
5
7
4
3
6
7
3
6
4
10
9
4
4
4
3
5
3
7
3
3
6
5
7
4
4
4
3
3
7
11
4
4
5
9
5
6
4
6
6
6
6
5
7
10
12
7
7
8
4
7
4
4
11
6
4
5
9
5
4
7
4
6
8
15
4
5
5
4
4
12
4
4
11
10
13
6
4
5
8
4
5
6
4
6
4
5
8
7
4
7
7
4
5
11
5
4
4
4
8
24
7
7
8
4
4
11
6
5
10
4
4
5
6
8
4
4
4
10
5
7
5
8
5
5
5
5
6
4
7
5
4
5
5
7
21
6
10
4
4
11
6
8
8
6
12
6
5
6
5
4
13
6
8
7
4
10
9
8
4
10
7
6
7
5
6
8
6
11
4
7
7
9
4
11
5
8
4
5
8
11
6
10
5
7
4
4
8
12
8
5
6
6
11
5
4
6
4
6
7
8
4
8
5
5
5
5
7
7
8
5
4
4
7
6
5
5
5
5
4
13
6
6
4
5
7
6
12
7
8
7
11
4
4
6
8
5
6
6
6
7
4
7
7
6
4
6
4
8
8
8
9
10
5
4
5
4
9
3
4
5
8
6
3
3
7
5
4
4
8
4
4
11
10
6
4
4
9
7
6
9
6
9
8
5
10
4
4
6
6
4
5
7
4
6
4
11
6
8
5
8
6
4
6
4
8
6
7
4
4
5
7
6
3
3
10
5
4
7
6
5
5
4
4
3
6
4
3
6
5
3
9
4
4
6
5
4
7
3
7
4
6
6
4
5
4
5
8
4
5
3
5
8
8
3
5
5
4
5
6
4
3
4
4
3
3
16
4
5
12
4
6
7
7
5
9
4
5
5
3
5
4
5
4
13
5
3
5
3
5
5
5
5
9
5
8
5
8
3
4
4
10
8
3
3
5
4
7
9
5
3
3
4
4
3
6
7
4
3
4
3
4
8
6
13
6
5
10
5
5
4
12
5
4
4
9
3
3
3
7
3
7
15
10
5
5
5
4
4
4
3
4
3
4
5
3
4
4
5
7
4
5
6
3
9
5
3
6
5
7
5
3
4
11
4
4
5
3
3
3
4
4
4
3
4
5
6
3
5
10
6
4
3
6
3
9
4
3
4
5
5
7
4
3
4
3
4
4
5
5
4
4
3
5
6
5
6
3
8
5
3
4
7
4
10
4
4
3
4
3
4
6
5
5
3
4
4
4
5
3
6
5
4
11
3
7
8
3
5
6
4
13
4
4
9
4
6
4
4
4
4
3
4
8
5
3
6
4
3
5
4
4
3
3
5
4
4
4
5
6
10
4
9
4
3
3
4
3
8
4
4
4
7
3
4
6
4
4
4
5
3
4
11
3
4
3
7
4
4
6
3
3
3
12
4
6
5
4
4
3
5
4
4
6
5
5
5
3
5
3
6
3
5
5
3
5
4
8
4
5
7
4
3
3
3
4
6
3
3
5
5
3
4
3
4
3
4
4
4
4
5
3
4
4
3
4
4
6
6
5
5
5
7
4
4
4
4
4
6
3
4
6
4
3
4
5
4
3
5
5
4
11
3
3
3
6
4
4
11
4
3
7
3
6
5
3
4
4
4
3
4
7
3
9
4
3
4
3
3
6
5
8
4
3
5
7
4
5
4
3
3
4
5
5
3
6
4
6
4
5
5
3
5
6
10
10
9
13
7
5
5
12
4
11
7
7
7
17
12
16
22
9
11
23
74
10
11
22
68
18
20
74
55
240
34
38
17
26
14
32
14
12
15
21
20
6
43
19
12
10
7
9
7
14
12
43
23
24
7
7
48
6
30
15
4
31
22
28
9
16
22
6
10
16
6
13
18
25
18
7
4
12
22
9
15
10
10
5
4
24
4
5
10
3
12
3
5
8
18
16
4
3
25
3
28
15
7
17
21
15
3
6
4
6
8
14
22
14
12
15
24
9
15
12
12
15
10
7
3
23
12
7
19
6
3
22
4
23
27
3
15
27
7
7
4
11
4
14
10
4
3
18
4
10
9
9
3
12
3
9
5
4
3
25
6
3
3
25
4
3
11
8
7
15
9
4
9
11
5
8
8
11
5
16
3
3
3
7
17
4
6
14
10
11
12
3
5
3
4
3
12
5
5
8
11
8
5
13
8
5
3
4
3
5
6
7
3
7
5
8
8
3
21
3
3
11
10
3
15
4
4
3
9
11
6
5
3
6
3
10
5
8
5
3
9
15
10
4
4
5
3
4
14
3
8
6
4
4
11
14
6
8
5
12
3
3
3
4
6
5
8
6
8
4
5
9
4
10
7
5
7
7
5
4
6
9
3
4
4
6
4
6
4
4
4
12
3
4
5
10
3
8
6
19
5
4
4
4
3
7
4
3
8
4
4
3
7
13
16
15
8
9
14
4
5
7
10
3
4
6
3
4
5
5
7
16
9
4
18
5
9
14
8
6
4
7
4
6
5
3
9
4
10
4
7
4
7
3
3
3
3
4
16
3
3
7
8
11
10
7
4
4
4
6
3
4
3
4
3
12
5
4
6
4
4
3
3
5
4
4
8
10
3
4
8
3
5
3
5
3
9
3
7
10
7
4
4
9
4
5
3
13
5
12
4
5
5
5
4
4
3
6
6
4
4
3
3
5
8
8
4
7
9
6
9
4
5
6
4
4
11
3
6
4
6
10
9
3
3
6
4
3
4
4
3
6
9
5
5
10
8
4
5
3
5
6
8
9
5
3
4
4
4
5
13
9
3
9
3
4
6
7
7
8
3
3
6
13
3
3
3
4
3
8
4
5
3
11
4
4
8
3
3
3
3
11
3
4
4
3
4
5
3
6
8
5
3
3
5
3
3
4
10
5
4
4
5
6
4
3
5
7
8
3
4
3
9
3
6
4
3
5
4
4
4
3
4
3
5
6
8
4
4
4
5
4
3
8
3
7
3
11
6
4
4
7
7
3
10
5
4
4
3
3
4
5
5
3
4
4
6
5
4
3
7
4
9
5
3
3
3
4
4
10
4
3
8
4
8
7
9
4
5
12
3
7
3
4
4
8
4
4
3
6
3
3
5
6
3
7
3
4
5
3
4
5
3
4
3
3
3
6
3
9
4
7
3
4
6
5
8
6
5
8
3
6
4
6
4
4
3
4
3
5
6
3
3
5
3
3
8
3
6
4
4
3
4
5
3
3
3
5
3
4
4
4
3
4
5
3
3
3
8
3
6
5
9
4
3
4
6
3
3
3
3
3
8
6
4
5
5
5
5
4
5
4
4
3
5
5
3
3
3
7
5
4
3
4
8
8
5
9
11
5
4
12
11
14
14
27
32
31
24
14
17
9
40
38
9
4
19
38
6
14
23
19
10
8
11
11
18
5
22
9
41
14
21
4
15
29
12
11
11
13
26
11
12
6
20
9
19
8
25
5
11
27
11
18
25
6
15
20
11
4
18
16
17
13
16
9
30
17
11
10
7
7
19
9
7
11
11
22
20
4
9
24
11
14
17
13
8
18
4
6
8
7
4
11
10
9
10
4
15
7
6
10
7
7
6
7
15
6
13
6
9
9
5
8
27
12
4
8
7
4
5
9
4
6
10
9
23
4
16
6
11
5
7
7
4
4
12
14
7
7
9
7
7
6
4
4
5
5
4
8
4
14
4
5
19
4
7
16
9
10
6
7
5
4
9
11
5
15
4
16
5
4
25
9
16
10
4
4
13
12
10
10
10
10
12
6
7
6
6
7
6
11
4
6
5
5
7
8
7
6
4
5
4
9
5
6
13
4
9
8
12
7
5
5
12
4
8
7
4
4
4
4
11
8
8
6
9
11
6
9
7
6
20
8
5
5
7
14
7
19
9
4
7
4
16
11
6
4
6
11
4
6
5
4
17
13
6
5
8
8
6
9
5
10
4
5
4
4
16
19
4
4
7
7
7
6
5
5
14
8
5
4
6
6
7
6
4
6
6
6
6
5
4
6
4
4
12
5
5
9
13
4
5
5
6
6
5
5
9
4
6
7
5
4
6
5
14
4
6
4
5
4
7
7
5
5
9
6
10
11
5
7
5
12
7
7
5
4
9
12
6
6
6
4
5
9
6
4
9
10
6
5
9
12
7
12
7
5
9
10
7
5
7
5
13
6
6
5
5
11
5
4
4
16
9
13
5
4
6
12
8
4
4
4
4
11
9
5
8
6
5
9
4
8
5
8
5
6
4
11
5
4
13
12
4
5
4
4
7
5
11
4
8
4
14
7
9
5
15
4
7
8
6
4
5
5
7
9
6
6
10
7
14
5
9
6
10
7
6
10
5
6
5
5
4
6
9
7
8
5
5
6
10
12
9
4
6
76
13
25
35
11 1000
2 1000
22 1000
3 1000
105 1
15 1
4 1
30 1000
35 1
1 1000
1 1000
2 1000
8 1000
10 1
15 1
61 1
10 1
3 1
24 1000
1 1000
5 1000
2 1000
10 1000
1 1000
1 1000
14 1000
2 1000
33 1000
8 1
38 1000
5 1
7 1
7 1000
2 1
30 1000
29 1000
2 1000
15 1000
50 1000
9 1000
193 1
3 1
1 1
2 1000
2 1000
1 1000
51 1000
69 1000
7 1000
5 1000
6 1000
3 1000
3 1000
3 1
2 1000
5 1
1 1
1 1
2 1000
2 1000
2 1
1 1000
4 1
2 1000
3 1
3 1
5 1000
2 1000
2 1000
5 1
18 1
42 1
5 1000
18 1000
4 1000
6 1
3 1000
31 1
4 1
47 1
46 1
41 1
6 1000
30 1000
32 1000
30 1000
44 1
9 1
35 1
1 1000
14 1000
20 1000
4 1000
1 1000
46 1000
71 1
1 1000
8 1
1 1
20 1000
2 1000
21 1
1 1
5 1
1 1000
4 1
9 1
3 1000
2 1000
2 1000
2 1000
8 1000
2 1000
17 1000
3 1000
10 1
1 1
8
14 1
