1 1000
27 1000
2 1000
18 1000
163 1
7 1
6 1
11 1000
3 1000
38 1
3 1000
3 1000
5 1000
3 1000
3 1000
3 1000
2 1000
23 1000
3 1000
1 1
2 1000
1 1
3 1
3 1
3 1
8 1
19 1000
3 1000
7 1
2 1000
4 1000
4 1000
2 1000
11 1
3 1000
2 1
4 1
2 1
5 1
1 1000
9 1
2 1000
1 1
2 1000
4 1
6 1
2 1000
10 1
2 1
3 1000
2 1000
4 1
4 1
4 1
2 1
2 1000
2 1000
5 1000
2 1000
2 1000
1 1
3 1000
3 1000
5 1000
3 1000
2 1000
3 1000
2 1000
5 1000
1 1000
2 1000
10 1
2 1
1 1
14 1000
1 1000
1 1000
1 1000
14 1000
5 1000
8 1000
11 1000
2 1000
3 1000
2 1000
2 1000
2 1000
6 1000
2 1
2 1
1 1000
2 1000
4 1000
2 1
3 1000
6 1000
11 1000
2 1
1 1
3 1000
3 1
3 1000
3 1000
4 1000
7 1000
2 1000
4 1000
1 1
3 1000
2 1000
2 1000
1 1000
3 1000
7 1000
3 1
7 1000
3 1000
2 1
4 1000
4 1
2 1
2 1000
2 1000
3 1000
2 1000
3 1000
4 1000
3 1000
2 1000
3 1
4 1000
4 1000
2 1000
6 1000
1 1000
1 1000
7 1000
2 1000
1 1
1 1000
2 1000
2 1000
5 1000
4 1000
7 1000
2 1000
7 1000
3 1000
3 1000
2 1000
3 1
4 1000
3 1000
3 1
1 1000
2 1000
3 1000
1 1000
4 1000
1 1000
2 1000
3 1000
4 1000
2 1000
14 1000
2 1000
2 1000
1 1
6 1000
1 1000
4 1000
3 1000
6 1000
1 1
3 1000
4 1000
2 1000
5 1
1 1000
4 1000
4 1000
3 1000
7 1000
4 1000
4 1000
4 1000
3 1000
13 1
2 1000
2 1000
2 1000
1 1000
2 1
3 1000
3 1000
2 1000
3 1000
3 1000
2 1000
3 1
3 1
1 1
5 1000
2 1000
2 1000
1 1
10 1000
3 1000
4 1000
2 1000
2 1000
2 1000
2 1000
2 1000
4 1000
11 1000
2 1000
1 1000
2 1000
3 1000
2 1000
3 1000
1 1000
3 1000
3 1000
2 1000
3 1000
16 1000
4 1000
10 1000
3 1000
1 1
2 1000
4 1000
1 1000
10 1000
11 1000
2 1000
3 1000
3 1000
4 1000
1 1000
3 1000
3 1000
3 1000
4 1000
4 1000
8 1000
5 1000
6 1000
3 1000
3 1000
4 1000
1 1000
1 1000
1 1000
2 1000
3 1000
6 1000
13 1000
6 1000
2 1000
2 1000
1 1000
5 1000
3 1000
1 1000
4 1000
3 1000
2 1000
4 1000
4 1000
2 1000
5 1000
3 1
4 1000
2 1000
1 1
2 1000
3 1000
5 1000
2 1000
2 1000
2 1000
4 1000
3 1000
1 1000
5 1000
4 1000
4 1000
7 1000
5 1000
2 1000
3 1000
2 1000
1 1000
2 1
3 1000
1 1
1 1000
3 1000
1 1000
2 1000
3 1000
2 1000
3 1000
11 1000
5 1000
2 1000
4 1000
5 1000
2 1000
2 1000
5 1000
2 1000
4 1000
1 1000
2 1000
3 1000
3 1000
3 1000
3 1000
3 1000
2 1000
2 1000
1 1
1 1000
4 1000
2 1000
2 1
2 1000
2 1000
1 1
2 1000
2 1000
5 1000
1 1
3 1000
3 1
4 1000
2 1000
11 1
3 1000
4 1000
1 1000
2 1000
4 1000
3 1
1 1
1 1
11 1000
4 1000
3 1000
1 1000
1 1000
3 1000
1 1000
3 1000
1 1
4 1000
3 1000
3 1000
1 1000
1 1
2 1
2 1000
2 1000
3 1000
3 1000
13 1
5 1000
2 1000
3 1000
1 1000
3 1000
2 1000
3 1000
1 1
3 1000
3 1000
4 1000
3 1000
7 1000
1 1
3 1000
1 1000
2 1000
3 1000
2 1000
1 1000
4 1000
3 1000
2 1000
3 1000
3 1000
4 1000
3 1000
8 1000
3 1000
1 1000
2 1000
1 1000
1 1000
1 1000
6 1000
2 1000
1 1000
3 1000
5 1
3 1000
3 1000
3 1000
3 1000
5 1000
2 1000
4 1000
1 1000
3 1000
1 1000
2 1000
2 1000
2 1000
3 1000
10 1000
3 1000
4 1000
4 1000
2 1000
3 1000
2 1000
5 1000
3 1000
3 1000
3 1
2 1000
3 1000
6 1000
4 1000
6 1000
2 1000
4 1000
4 1000
2 1000
1 1000
3 1000
16 1000
6 1000
3 1
3 1000
1 1000
3 1000
1 1
2 1000
2 1000
3 1000
2 1000
3 1000
3 1000
2 1000
1 1000
2 1000
2 1000
1 1
2 1000
2 1000
3 1000
2 1000
1 1000
3 1000
7 1000
4 1000
2 1000
3 1000
2 1000
2 1000
2 1000
4 1000
2 1000
2 1000
3 1000
2 1000
3 1000
3 1000
3 1000
2 1000
2 1000
2 1000
6 1000
2 1000
8 1000
2 1000
3 1000
1 1000
2 1
2 1000
2 1000
1 1000
2 1000
2 1000
1 1000
5 1000
1 1000
1 1000
3 1000
2 1000
2 1000
4 1000
3 1000
2 1000
4 1000
3 1000
2 1000
3 1000
2 1000
2 1000
4 1000
2 1000
2 1000
3 1000
3 1000
2 1000
2 1000
2 1000
3 1000
1 1
3 1000
2 1000
2 1000
9 1000
2 1
2 1000
2 1000
3 1
2 1
1 1000
1 1000
2 1000
2 1000
1 1000
12 1000
1 1000
3 1000
2 1000
2 1000
6 1000
2 1000
1 1000
2 1000
2 1000
3 1000
2 1000
3 1000
1 1000
3 1000
3 1000
3 1000
3 1000
3 1000
2 1000
1 1000
1 1000
3 1000
6 1000
3 1000
6 1000
3 1000
3 1000
2 1000
2 1000
2 1000
2 1000
2 1000
2 1000
1 1
3 1000
2 1000
4 1000
1 1000
2 1000
2 1000
3 1000
2 1000
4 1
2 1000
2 1000
2 1000
2 1000
4 1000
3 1000
3 1000
2 1000
3 1000
3 1000
3 1000
2 1000
9 1
2 1000
11 1000
2 1000
3 1000
2 1000
2 1000
2 1000
2 1000
2 1000
3 1000
1 1000
2 1000
5 1000
5 1000
3 1000
1 1000
2 1000
1 1000
1 1000
4 1000
2 1000
2 1000
3 1000
2 1000
3 1000
4 1000
8 1000
2 1000
3 1000
2 1000
2 1000
4 1000
2 1000
3 1000
1 1000
5 1000
2 1000
2 1000
3 1000
2 1000
3 1000
4 1000
3 1000
2 1000
1 1000
3 1000
2 1000
1 1000
2 1000
2 1000
2 1000
2 1000
2 1000
3 1000
1 1000
1 1000
2 1000
4 1000
3 1000
2 1000
1 1000
2 1000
3 1000
1 1
3 1000
3 1000
3 1000
2 1000
3 1000
1 1000
2 1000
1 1
8 1000
1 1000
1 1000
2 1000
18 1000
3 1000
2 1000
3 1000
2 1000
3 1000
3 1000
2 1000
2 1000
2 1000
3 1000
1 1000
1 1
2 1000
3 1000
2 1000
2 1000
2 1000
2 1000
1 1000
2 1000
4 1000
2 1000
3 1000
1 1000
3 1000
4 1000
3 1000
4 1000
5 1000
3 1000
6 1000
3 1000
2 1000
2 1000
2 1000
2 1000
1 1
2 1
6 1000
2 1000
8 1000
1 1000
7 1000
4 1000
1 1
5 1000
2 1000
3 1
2 1000
3 1000
2 1000
3 1000
2 1000
2 1000
2 1000
2 1000
5 1000
6 1000
4 1000
2 1
1 1000
2 1
2 1000
1 1
2 1000
2 1000
2 1000
11 1000
2 1000
3 1000
2 1000
2 1000
2 1000
4 1000
2 1000
3 1000
1 1000
1 1000
2 1000
7 1000
2 1000
1 1
4 1000
5 1000
3 1000
2 1000
2 1000
2 1000
3 1000
2 1000
5 1000
3 1000
5 1000
4 1000
2 1000
2 1000
3 1000
2 1000
2 1000
2 1000
3 1000
2 1000
2 1000
2 1000
1 1000
3 1000
9 1000
3 1000
2 1000
2 1000
11 1000
3 1000
2 1000
2 1000
1 1000
2 1000
7 1000
2 1000
3 1000
1 1000
2 1000
1 1000
4 1000
2 1000
2 1000
2 1000
4 1000
1 1000
2 1000
1 1000
3 1000
3 1000
4 1000
4 1000
3 1000
4 1000
3 1000
3 1000
3 1000
4 1000
1 1000
5 1000
2 1000
3 1000
4 1000
8 1000
3 1000
3 1000
3 1000
3 1000
4 1000
2 1000
2 1000
2 1000
4 1000
2 1000
4 1000
1 1000
2 1000
2 1000
2 1000
2 1000
1 1000
3 1000
1 1
2 1000
3 1000
3 1000
3 1000
2 1000
2 1000
4 1000
3 1000
2 1000
2 1000
2 1000
2 1000
2 1000
2 1000
3 1000
2 1000
1 1000
3 1000
1 1000
2 1000
2 1000
3 1000
1 1000
3 1000
4 1000
3 1000
2 1000
2 1000
3 1000
3 1000
2 1000
1 1000
7 1000
2 1000
2 1000
3 1000
2 1000
4 1000
1 1000
2 1000
3 1000
2 1000
4 1000
3 1000
2 1000
2 1000
3 1000
2 1000
3 1000
2 1000
4 1000
3 1000
2 1000
1 1000
3 1
2 1000
2 1000
2 1000
5 1000
2 1000
4 1000
1 1000
3 1000
1 1000
3 1000
1 1000
3 1000
2 1000
2 1000
1 1000
5 1000
1 1000
2 1000
2 1000
3 1000
1 1000
3 1000
1 1000
5 1000
4 1000
3 1000
4 1000
3 1000
4 1000
3 1000
3 1000
3 1000
5 1000
2 1000
3 1000
2 1000
3 1000
4 1000
3 1000
13 1000
3 1000
2 1000
2 1000
3 1000
3 1000
1 1000
3 1000
3 1000
8 1000
1 1000
3 1000
4 1000
2 1
2 1000
2 1000
2 1000
3 1000
3 1000
1 1
5 1000
2 1000
3 1000
3 1000
3 1000
2 1000
3 1000
1 1
4 1000
3 1000
3 1000
3 1000
2 1000
3 1000
3 1000
2 1000
1 1000
3 1000
2 1000
2 1000
2 1000
2 1000
1 1000
2 1000
3 1000
1 1000
3 1000
2 1000
3 1000
2 1000
3 1000
3 1000
2 1000
1 1000
3 1000
3 1000
3 1000
3 1000
4 1000
5 1000
1 1000
2 1000
3 1000
1 1
3 1000
2 1000
3 1000
4 1000
3 1000
6 1000
2 1000
2 1000
1 1000
5 1000
2 1000
1 1000
3 1000
2 1000
4 1000
2 1000
4 1000
2 1000
5 1000
2 1000
3 1000
6 1000
2 1000
3 1000
4 1000
1 1000
2 1000
3 1000
3 1000
5 1000
1 1000
3 1000
2 1000
2 1000
3 1000
4 1000
3 1000
1 1000
3 1000
2 1000
1 1000
1 1000
1 1000
3 1000
3 1000
3 1000
4 1000
3 1000
1 1
5 1000
2 1000
3 1000
2 1000
3 1000
2 1
2 1000
4 1000
3 1000
2 1000
2 1
3 1000
2 1000
7 1000
2 1000
2 1000
3 1000
3 1000
3 1000
3 1000
3 1000
1 1000
3 1000
1 1000
1 1000
3 1000
3 1000
9 1
1 1000
1 1000
3 1000
3 1000
3 1000
3 1000
4 1000
2 1000
2 1000
5 1000
4 1000
5 1000
3 1000
3 1000
9 1000
1 1000
2 1000
2 1000
2 1000
1 1000
1 1
4 1000
1 1000
3 1000
3 1000
2 1000
4 1000
4 1000
3 1000
3 1000
2 1000
2 1000
2 1000
3 1000
1 1000
3 1000
5 1000
8 1000
4 1000
1 1000
3 1000
3 1000
4 1000
4 1000
1 1000
4 1000
3 1000
3 1000
2 1000
2 1000
2 1000
3 1000
2 1000
2 1000
2 1000
2 1000
3 1000
1 1000
2 1000
2 1000
3 1000
2 1000
3 1
4 1000
2 1000
3 1000
2 1000
2 1000
3 1000
4 1000
3 1000
1 1000
1 1000
3 1000
4 1000
2 1000
2 1000
2 1000
5 1000
3 1000
3 1000
8 1000
2 1000
2 1000
5 1000
3 1000
2 1000
1 1
1 1000
1 1
1 1000
2 1000
2 1000
1 1
3 1000
3 1000
4 1000
3 1000
3 1000
1 1
2 1000
6 1000
1 1
1 1000
4 1000
2 1000
2 1000
4 1000
3 1000
3 1000
3 1000
2 1
1 1000
2 1000
5 1000
4 1000
2 1000
2 1000
4 1000
2 1000
2 1000
3 1000
3 1000
1 1000
3 1000
22 1
4 1000
3 1000
10 1000
5 1
3 1
3 1000
1 1000
1 1000
3 1000
1 1000
3 1000
4 1000
6 1000
4 1000
2 1000
6 1000
9 1000
2 1000
2 1000
2 1000
3 1000
3 1000
2 1000
1 1000
2 1000
3 1000
2 1000
6 1000
3 1000
3 1000
3 1000
3 1000
3 1000
2 1000
2 1000
4 1000
6 1000
5 1000
9 1000
3 1000
3 1000
3 1000
3 1000
9 1000
4 1000
3 1000
3 1000
2 1000
3 1000
3 1000
3 1000
2 1000
2 1
4 1000
2 1000
2 1000
3 1000
3 1000
3 1000
5 1000
3 1000
1 1000
10 1000
3 1000
3 1000
1 1000
1 1000
1 1000
2 1000
1 1000
4 1000
2 1000
3 1000
4 1000
3 1000
7 1000
2 1
5 1000
7 1000
2 1
2 1000
2 1000
2 1
5 1000
13 1000
2 1000
3 1000
4 1000
2 1000
3 1000
1 1
1 1000
2 1000
9 1000
13 1000
1 1000
5 1000
2 1000
5 1000
1 1000
3 1
4 1000
8 1000
2 1000
2 1000
3 1000
2 1000
4 1000
2 1000
2 1000
6 1000
1 1000
2 1000
3 1000
2 1
4 1000
2 1
4 1
2 1000
2 1000
4 1000
1 1000
2 1000
2 1000
6 1000
3 1000
3 1000
1 1
2 1000
3 1000
1 1000
1 1
1 1
1 1
2 1000
2 1000
7 1000
4 1000
3 1000
2 1000
4 1000
2 1
5 1000
2 1000
4 1000
4 1000
3 1000
3 1000
3 1000
2 1000
3 1000
2 1000
2 1000
2 1000
6 1000
2 1
2 1000
4 1000
2 1000
2 1000
3 1000
2 1000
2 1
2 1000
1 1000
1 1000
3 1000
1 1000
1 1000
2 1000
3 1000
3 1000
1 1
2 1000
3 1000
3 1000
3 1000
1 1
1 1000
2 1
2 1000
7 1000
2 1000
3 1
2 1000
1 1
2 1
4 1000
1 1000
4 1000
2 1000
1 1000
2 1000
5 1000
2 1000
4 1000
2 1000
5 1000
2 1000
2 1
2 1000
3 1000
3 1000
2 1000
2 1000
3 1000
3 1000
2 1000
2 1000
1 1000
1 1000
1 1000
1 1000
2 1000
1 1000
3 1000
2 1000
3 1000
3 1000
3 1000
2 1000
3 1000
1 1000
10 1000
3 1000
3 1000
2 1000
1 1000
2 1000
2 1000
2 1000
2 1000
3 1000
6 1
3 1000
3 1000
5 1000
1 1
4 1000
2 1000
2 1000
2 1000
2 1000
2 1000
4 1000
5 1000
1 1000
2 1000
10 1
2 1000
2 1000
14 1
2 1000
2 1000
3 1000
4 1000
2 1000
3 1000
2 1000
3 1000
3 1000
7 1
2 1000
2 1000
2 1
1 1
3 1000
3 1000
2 1000
9 1
5 1000
1 1000
3 1000
2 1
3 1
2 1
3 1000
3 1000
3 1000
17 1000
3 1000
2 1000
10 1000
6 1000
2 1000
2 1000
2 1000
3 1000
3 1000
5 1
6 1000
4 1000
4 1000
3 1000
3 1000
2 1000
2 1000
3 1
2 1000
2 1000
3 1000
4 1000
6 1000
2 1000
4 1000
1 1000
2 1000
1 1000
2 1000
4 1000
4 1000
3 1000
4 1000
25 1000
2 1000
2 1000
3 1000
3 1000
3 1000
5 1000
3 1
4 1000
3 1000
4 1000
4 1000
3 1000
1 1000
3 1000
9 1000
3 1000
4 1000
2 1000
2 1000
3 1000
2 1000
3 1
4 1000
3 1000
3 1000
1 1000
2 1000
2 1000
2 1000
2 1000
1 1000
2 1000
1 1000
2 1000
2 1000
4 1000
3 1000
5 1000
2 1000
2 1000
2 1000
3 1000
4 1000
3 1000
3 1000
2 1
2 1000
1 1000
3 1000
4 1000
1 1
2 1000
5 1
5 1000
1 1000
3 1000
8 1000
3 1000
1 1000
3 1000
3 1000
2 1000
3 1000
2 1000
3 1000
3 1000
3 1000
3 1000
8 1000
5 1000
3 1000
4 1000
2 1000
1 1
3 1000
2 1000
8 1000
2 1000
2 1000
4 1000
4 1000
1 1
2 1
3 1000
3 1
2 1000
1 1
4 1000
3 1000
3 1000
4 1000
5 1000
3 1000
2 1000
4 1
3 1000
2 1000
2 1000
2 1000
2 1000
12 1000
3 1000
3 1000
3 1000
1 1000
6 1000
3 1000
1 1000
4 1000
2 1000
4 1000
2 1000
2 1000
5 1000
3 1000
1 1000
3 1000
3 1000
2 1000
1 1000
4 1000
2 1000
1 1000
2 1000
2 1000
2 1000
3 1000
5 1000
1 1000
4 1000
6 1000
2 1000
3 1000
3 1000
7 1000
2 1000
2 1000
3 1000
2 1000
2 1000
4 1000
2 1000
3 1000
2 1000
1 1000
2 1000
4 1000
3 1000
1 1000
3 1000
3 1000
3 1000
2 1000
3 1000
3 1000
1 1000
3 1000
3 1000
3 1000
3 1000
3 1000
2 1000
3 1000
2 1000
3 1000
3 1000
3 1000
4 1000
1 1000
1 1000
3 1000
3 1000
1 1
2 1000
4 1000
2 1000
2 1000
3 1000
3 1000
4 1000
4 1000
3 1000
2 1
2 1000
2 1
3 1000
1 1000
3 1000
2 1000
2 1000
1 1000
2 1000
1 1000
2 1000
3 1000
2 1000
1 1000
3 1000
3 1000
3 1000
4 1000
1 1
2 1000
3 1000
3 1000
2 1000
2 1000
3 1000
3 1000
2 1000
3 1000
1 1000
3 1000
2 1000
3 1000
2 1000
2 1000
3 1000
2 1000
2 1
2 1000
3 1000
3 1000
2 1000
4 1000
2 1000
2 1000
3 1000
2 1000
3 1000
3 1
3 1000
2 1
3 1000
3 1000
3 1
2 1000
3 1000
5 1000
3 1000
2 1000
15 1000
6 1000
3 1000
3 1000
2 1000
3 1000
3 1000
14 1000
5 1000
3 1000
2 1000
2 1000
2 1000
1 1000
2 1000
1 1000
3 1000
3 1000
3 1000
1 1000
2 1000
2 1000
3 1000
3 1000
2 1000
2 1000
8 1000
1 1000
5 1000
1 1000
1 1000
1 1000
6 1000
4 1000
2 1000
2 1000
3 1000
1 1000
3 1000
2 1000
2 1000
1 1000
3 1000
2 1000
7 1000
3 1000
2 1000
3 1000
2 1000
2 1000
3 1000
5 1000
2 1000
2 1000
4 1000
3 1000
2 1000
2 1000
2 1000
3 1000
3 1000
2 1000
2 1000
2 1000
2 1000
3 1000
1 1000
3 1000
2 1000
3 1000
2 1000
3 1000
1 1000
3 1000
5 1000
2 1000
4 1000
3 1
3 1000
2 1000
2 1000
2 1000
3 1000
3 1000
3 1000
2 1000
2 1000
31 1000
1 1000
1 1
3 1000
2 1000
2 1
3 1000
2 1
2 1000
1 1000
3 1000
1 1000
2 1000
2 1000
2 1000
4 1000
1 1000
2 1000
2 1000
7 1000
3 1000
1 1000
3 1000
1 1000
7 1000
3 1000
6 1000
4 1000
1 1000
2 1000
3 1000
2 1000
2 1000
2 1000
3 1000
3 1000
2 1
1 1000
2 1000
2 1000
2 1000
1 1000
10 1000
3 1000
1 1000
3 1000
2 1000
7 1000
11 1000
2 1000
3 1000
2 1000
4 1000
2 1000
3 1000
3 1
5 1000
3 1000
3 1000
2 1
3 1000
2 1
5 1000
3 1000
3 1
2 1000
1 1000
2 1000
3 1000
3 1000
2 1000
4 1000
4 1000
2 1000
1 1000
4 1000
3 1000
6 1000
5 1000
3 1000
3 1000
1 1000
2 1000
4 1000
2 1000
5 1000
3 1000
3 1000
5 1000
3 1000
2 1000
3 1000
2 1000
1 1000
2 1000
1 1000
3 1000
3 1000
3 1000
2 1000
2 1000
3 1000
5 1000
3 1000
1 1000
4 1000
4 1000
2 1000
4 1000
3 1000
2 1000
3 1000
2 1000
3 1000
8 1000
3 1000
1 1000
5 1000
4 1000
2 1000
3 1000
3 1000
8 1000
2 1000
3 1000
4 1000
3 1000
3 1000
2 1000
3 1000
2 1000
4 1000
1 1000
2 1000
1 1000
3 1000
3 1000
1 1
2 1
20 1000
4 1000
4 1000
2 1000
3 1000
2 1000
2 1000
2 1000
3 1000
1 1000
2 1000
4 1000
2 1000
2 1000
2 1000
3 1000
6 1000
2 1000
1 1000
1 1
