10 100
 3907  4261  4520  4567  3803  3814  4248  3875  4015  4062  4187  4393  4293  3717  4727  3797  3857  4015  4508  3738  3767  3857  3727  4558  3782  4202  4547  3974  4612  4360  4760  4318  4562  4066  4281  4502  4740  4188  4324  3819  4642  4243  4378  4207  4527  4609  3928  3729  3790  4366  3752  4122  4227  4536  4204  3713  4113  4240  4753  4095  4068  3815  4537  4762  3726  4384  4281  4142  4582  4546  4471  3811  4151  4681  3724  4235  4768  4339  4025  4707  3858  3713  4761  3743  4126  4022  4671  4591  3735  4761  4648  4507  4361  4262  4231  4412  3888  3864  4288  3722 
 4109  3678  3656  4428  3723  4299  4661  4119  3904  3966  3736  3679  4145  4324  4099  3835  3792  3815  4552  4614  3668  3726  4560  3657  4081  3749  4134  4293  3987  4472  3709  4489  3778  4368  3649  3724  4378  4146  4243  4079  4065  4564  3787  4568  4131  4330  4309  4630  4512  4273  4002  4414  3768  4055  4519  4501  4570  3739  4112  3757  4352  3819  4646  3791  4394  4321  4423  4079  4444  3675  4098  3868  4426  4197  4642  4303  3946  4064  3863  3979  4087  4349  3824  3922  4563  4198  3790  3765  4521  4272  4586  3780  4230  4423  4318  3960  4516  3845  4053  4611 
 3746  3957  3397  3642  4188  4244  3440  3949  4035  4280  4075  3529  3813  4145  4256  4176  4123  3564  4025  3623  4217  3466  3802  3673  4000  3991  3522  3719  4049  3608  4240  4050  3436  4162  3510  3932  3468  3439  3528  3764  3603  3920  3908  4173  4195  3788  4129  3436  4280  4295  3873  4245  3446  3906  3714  4062  4129  4053  3527  4302  3798  3907  3782  3806  4174  4048  3985  3437  3854  3530  4157  3739  3561  3761  3469  3753  3712  3405  3758  4191  3514  3843  3940  3909  3626  3717  3513  3642  3765  3586  4281  4153  4107  4265  4262  3987  3501  3482  3923  3609 
 4151  3919  3858  4171  4016  3980  3720  3656  4052  4207  4232  3883  3515  3989  4151  4171  3901  4012  3542  3821  3649  3719  4069  3645  3689  4245  4266  3610  3867  4229  3833  3870  3458  4232  3938  3938  3907  3803  3938  3612  3390  3596  3487  4031  4065  4130  3647  3370  4088  3514  3498  3965  3516  3940  3730  3417  4290  4244  3438  4045  4231  3641  4109  3412  3960  3638  4128  3716  3461  4270  4020  3653  4247  3438  4279  3967  3832  3377  3501  3907  4233  3385  3562  3594  4167  3581  3585  3351  3735  3410  3550  4136  4041  3362  4179  3547  4050  4249  3611  3811 
 3363  4154  4209  3984  3946  4095  3941  3704  3429  3843  4106  3749  4101  4284  3577  4042  3993  3801  4097  4056  3822  3608  3509  3565  4158  3752  3620  3432  3920  3662  3537  3692  3726  4061  4115  3845  3718  3540  4165  3548  3442  3421  3379  3965  4158  3954  4007  4250  3379  3870  3985  3889  3393  3685  3696  4173  3377  4054  4280  4211  4135  3803  3534  4284  3594  3764  3864  3634  3907  3438  3731  4129  3871  3430  4008  3394  3469  3558  3665  3481  3978  3860  3641  3875  4260  3872  3628  3877  4260  3475  4091  4016  3786  3515  3907  3457  3973  3744  3648  3786 
 3346  3139  3320  3058  3184  3178  3509  2855  2959  3502  3113  3158  2605  3154  3507  3266  3080  3085  3430  3506  2819  3131  3098  3444  3198  2633  3067  3529  3231  2680  3164  3372  2744  3154  2749  3127  3584  2879  2748  3164  2684  3524  3347  3320  2950  3043  3313  3409  3460  3484  2926  2939  2671  3022  3197  3153  3485  2591  2711  2807  3085  3038  3518  2676  2608  3298  2731  3497  2949  3416  2784  3380  2637  3210  2827  2660  3221  3538  2857  2862  2577  3298  3531  3227  3323  3188  2919  3551  3143  3486  3032  2592  3594  3315  3551  3366  3178  3596  2602  3326 
 3078  2654  3038  2829  2923  3187  3151  2578  2813  2785  2910  2850  3355  2501  3130  2653  3276  3264  3449  2523  3261  2929  3265  2932  3444  2910  3132  2866  2690  2902  2993  3069  2703  2558  3413  3369  3240  2563  3399  2918  3009  3449  2593  3171  3332  3332  3233  3472  2718  2843  3294  3073  3478  2722  3217  2700  2500  2762  2585  3464  2691  3418  2759  3286  3272  3123  3111  2539  3464  2938  3474  2826  2842  2794  2922  3433  2620  2869  3368  2755  2933  2845  3305  3177  2965  2994  3148  3202  2995  2743  2725  3477  2722  2939  3122  3046  3229  2642  2556  2627 
 2782  2692  2731  2742  3003  3472  3302  3609  2792  2978  3434  3310  3344  3047  2659  3339  2905  2809  3415  3117  2888  2640  2960  2972  3614  2791  2977  2862  2872  3441  3247  3019  3376  3183  3094  3331  2784  2616  2790  3227  3634  3008  3375  3605  3424  3395  3123  2799  3030  3550  3525  3224  3322  3553  3586  3237  2690  2747  2642  3389  2708  3640  3522  2720  3493  3081  3402  3028  2997  2662  3450  3474  3328  3571  3080  2782  3185  3193  3254  3034  3118  3632  2779  3483  2762  2637  3313  3427  2803  2694  3356  2956  2716  2718  3211  2671  3280  3260  2973  2678 
 2725  2960  3526  3080  3101  3175  3559  3122  2846  3018  3069  2849  3579  2754  3275  3381  3418  3257  3672  2927  2833  2857  2774  3578  3496  3676  3480  3641  3525  2995  3143  2683  3179  2779  3645  2825  3631  2648  2903  3329  2646  3612  3212  3023  3119  3575  2957  3611  3085  3543  2762  3495  3219  3386  3219  2948  2875  2783  2993  3025  3473  3128  2788  2751  3565  2981  2794  2793  2935  2799  3676  3035  3279  3465  2644  3351  3682  2988  2725  3590  3090  3371  2810  3390  2821  2921  3481  2868  3087  3006  3374  3102  3611  2729  3522  2891  2811  2997  3636  3678 
 3272  2515  2968  3184  3146  3270  3301  3259  3015  3213  3173  2680  3093  2975  2578  2632  3047  2662  2766  3366  3424  2951  2961  2618  2516  3473  3439  2717  3040  2635  3163  3286  2591  2566  2772  3303  3338  3004  3201  3145  2885  2724  2888  3047  3372  2594  3443  2533  3269  3261  3381  3207  2689  2818  3316  3232  3085  3055  3375  3049  2778  2806  3275  3392  2740  3217  3074  2824  3179  3443  2638  2997  2813  3239  3032  2682  2588  3273  3375  3080  3179  3138  2615  2813  3426  2910  2616  2660  3373  3214  3456  2493  2729  2999  2509  2582  2998  3241  2947  2495 