10 100
 1  5  5  13  16  15  14  14  18  22  22  20  20  13  8  14  31  23  10  21  19  36  14  24  39  46  46  37  27  49  51  49  25  39  33  61  35  65  22  68  69  41  17  69  78  53  72  54  91  65  94  58  99  90  50  91  61  82  72  31  73  92  53  53  94  81  55  28  87  89  89  60  60  79  95  32  80  50  100  51  18  72  55  74  97  97  79  88  74  54  99  73  87  47  100  52  65  67  86  88 
 2  3  7  8  9  6  11  8  12  13  19  22  27  23  16  16  24  22  19  23  20  41  41  43  22  36  53  43  27  54  55  57  34  62  35  35  65  37  70  47  32  67  84  85  72  37  56  66  85  49  69  20  40  94  65  55  22  78  90  34  91  81  100  50  64  90  13  94  99  85  86  72  46  79  95  16  33  99  66  90  54  96  59  61  83  42  64  46  48  75  28  66  73  74  88  95  95  98  54  76 
 1  1  3  3  7  5  9  6  12  15  12  6  19  22  17  26  24  30  21  23  27  25  25  42  34  30  40  45  53  53  54  39  46  12  18  49  65  66  42  56  64  24  64  40  65  17  34  26  91  66  38  58  39  90  90  72  21  85  89  80  24  85  51  91  13  26  92  93  82  84  29  61  77  31  96  54  76  76  60  40  66  70  79  27  90  62  95  32  32  68  40  41  86  96  67  80  80  81  85  90 
 1  2  2  4  3  7  3  13  4  4  6  7  2  13  11  18  11  3  30  22  39  8  40  28  33  19  49  35  25  44  17  40  52  58  35  6  45  13  67  47  57  46  69  47  32  16  66  50  67  35  89  75  58  97  39  98  89  41  93  98  44  88  66  80  74  26  67  57  43  15  61  93  97  17  52  90  92  74  93  56  96  58  62  69  93  71  48  75  75  26  56  64  98  99  35  78  47  63  71  76 
 2  2  3  8  7  8  16  10  13  18  7  24  24  16  19  20  20  29  42  17  30  44  14  24  24  48  24  39  44  32  16  11  56  65  13  67  54  34  50  75  41  76  86  88  53  62  73  55  83  74  37  84  56  86  100  71  62  66  70  35  48  49  13  65  92  92  80  27  84  85  57  33  51  70  55  93  57  57  19  83  42  22  46  24  51  77  52  95  66  35  71  71  41  41  83  63  66  68  68  73 
 6  2  5  3  9  2  2  14  18  26  24  30  26  10  30  29  42  38  30  43  43  18  28  47  33  50  5  47  43  64  65  68  48  55  71  29  52  15  75  61  23  70  8  65  66  58  50  51  17  60  78  80  18  96  98  79  72  63  85  79  92  46  94  72  24  49  49  79  57  87  44  59  30  45  60  91  97  97  98  87  54  54  95  84  66  67  68  46  70  70  74  59  75  43  43  53  56  58  60  64 
 1  1  6  4  5  6  7  8  1  10  5  14  17  4  10  10  28  18  3  28  18  33  34  19  39  20  39  41  36  21  43  50  39  59  61  62  31  62  50  45  39  52  67  65  66  15  33  75  67  78  71  92  84  67  89  90  70  91  81  31  84  32  75  99  72  98  86  62  100  75  76  77  53  95  41  42  61  31  32  68  35  18  81  41  62  91  54  55  87  95  96  98  72  75  39  49  55  66  68  77 
 1  6  3  6  4  9  17  12  11  15  24  22  35  28  20  37  13  18  27  39  15  50  54  28  57  45  26  66  35  57  57  65  65  66  44  67  60  24  8  17  85  61  35  44  89  27  66  19  86  58  78  49  59  99  91  82  52  85  64  64  86  68  92  49  49  74  25  66  14  14  87  76  96  66  68  69  96  61  82  43  67  46  71  72  76  77  78  58  90  94  64  32  65  34  40  89  91  92  77  81 
 4  10  2  10  5  9  7  2  14  18  5  24  25  12  33  35  22  27  31  25  35  42  53  44  50  57  25  33  66  53  60  34  34  43  22  38  61  39  80  25  69  88  36  27  90  36  37  74  86  96  90  96  22  33  67  45  93  83  95  98  87  26  13  93  42  71  76  77  79  83  100  34  69  70  53  53  56  56  40  43  67  45  93  70  73  62  97  65  73  40  84  86  48  59  77  81  87  87  94  94 
 1  2  3  4  6  8  11  11  9  14  5  18  15  23  26  27  3  40  40  28  14  36  49  33  58  24  38  45  53  54  14  35  52  60  80  78  88  44  54  45  73  47  79  89  20  50  20  30  52  86  97  11  44  44  90  46  35  74  37  37  50  76  80  56  14  72  72  58  75  90  79  32  33  33  99  69  89  55  93  38  78  82  22  45  93  96  98  55  84  59  91  97  37  38  79  42  95  48  100  64 
